0 53310
1 53327
2 53334
3 53354
4 53376
5 53385
6 53401
7 53424
8 53436
9 53459
10 53476
11 53485
12 53501
13 53512
14 53525
15 53541
16 53551
17 53562
18 53584
19 53589
20 53611
21 53633
22 53642
23 53655
24 53677
25 53690
26 53714
27 53732
28 53747
29 53774
30 53794
31 53801
32 53832
33 53847
34 53868
35 53893
36 53907
37 53929
38 53957
39 53973
40 54015
41 54039
42 54060
43 54091
44 118531
45 119555
46 121630
47 123452
48 124369
49 126118
50 127694
51 128360
52 129711
53 130327
54 131450
55 132368
56 132810
57 133593
58 134279
59 134902
60 135493
61 136009
62 136266
63 136725
64 137497
65 137697
66 138054
67 138352
68 138485
69 138842
70 138995
71 139325
72 139657
73 139779
74 140046
75 140291
76 140389
77 140606
78 140822
79 140923
80 141162
81 141394
82 141530
83 141750
84 141949
85 142045
86 142311
87 142506
88 142636
89 142875
90 142978
91 143298
92 143595
93 143768
94 144008
95 144221
96 144337
97 144715
98 144963
99 145072
100 145336
101 145573
102 145704
103 146027
104 146280
105 146396
106 146634
107 146934
108 147090
109 147357
110 147604
111 147902
112 148197
113 148338
114 148631
115 148932
116 149078
117 149411
118 149717
119 149901
120 150245
121 150525
122 150674
123 150957
124 151299
125 151451
126 151783
127 152107
128 152285
129 152614
130 152808
131 153207
132 153594
133 153771
134 154110
135 154438
136 154589
137 154932
138 155274
139 155426
140 155771
141 156077
142 156237
143 156535
144 156807
145 156927
146 157193
147 157423
148 157528
149 157711
150 157802
151 157979
152 158193
153 158324
154 158514
155 158708
156 158780
157 158922
158 159091
159 159160
160 159310
161 159459
162 159529
163 159734
164 159904
165 160007
166 160180
167 160363
168 160474
169 160710
170 160832
171 161168
172 161432
173 161554
174 161795
175 162103
176 162239
177 162520
178 162782
179 162905
180 163182
181 163452
182 163590
183 163868
184 164147
185 164286
186 164548
187 164827
188 164959
189 165325
190 165447
191 165780
192 166194
193 166370
194 166765
195 167180
196 167347
197 167747
198 168214
199 168367
200 168754
201 169115
202 169329
203 169645
204 169966
205 170178
206 170492
207 170628
208 170925
209 171153
210 171268
211 171487
212 171692
213 171791
214 171968
215 172125
216 172193
217 172312
218 172453
219 172512
220 172601
221 172680
222 172720
223 172786
224 172834
225 172850
226 172898
227 172924
228 172965
229 173032
230 173056
231 173088
232 173127
233 173149
234 173184
235 173224
236 173242
237 173278
238 173349
239 173372
240 173415
241 173456
242 173472
243 173507
244 173543
245 173563
246 173597
247 173617
248 173658
249 173700
250 173718
251 173751
252 173932
253 173950
254 174001
255 177384
